At time 1729759866.533346703
- Translation: [0.242, 0.004, 0.000]
- Rotation: in Quaternion [0.000, 0.000, -0.047, 0.999]
- Rotation: in RPY (radian) [0.000, 0.000, -0.093]
- Rotation: in RPY (degree) [0.000, 0.000, -5.352]
- Matrix:
  0.996  0.093  0.000  0.242
 -0.093  0.996 -0.000  0.004
 -0.000  0.000  1.000  0.000
  0.000  0.000  0.000  1.000
At time 1729759867.525748095
- Translation: [2.010, -0.022, 0.000]
- Rotation: in Quaternion [0.000, 0.000, -0.006, 1.000]
- Rotation: in RPY (radian) [0.000, 0.000, -0.012]
- Rotation: in RPY (degree) [0.000, 0.000, -0.709]
- Matrix:
  1.000  0.012  0.000  2.010
 -0.012  1.000 -0.000 -0.022
 -0.000  0.000  1.000  0.000
  0.000  0.000  0.000  1.000
At time 1729759868.533379796
- Translation: [2.022, -0.008, 0.000]
- Rotation: in Quaternion [0.000, 0.000, 0.475, 0.880]
- Rotation: in RPY (radian) [0.000, -0.000, 0.990]
- Rotation: in RPY (degree) [0.000, -0.000, 56.745]
- Matrix:
  0.548 -0.836  0.000  2.022
  0.836  0.548  0.000 -0.008
  0.000  0.000  1.000  0.000
  0.000  0.000  0.000  1.000
At time 1729759869.524898111
- Translation: [0.954, 1.339, 0.000]
- Rotation: in Quaternion [0.000, 0.000, 0.729, 0.684]
- Rotation: in RPY (radian) [0.000, -0.000, 1.634]
- Rotation: in RPY (degree) [0.000, -0.000, 93.642]
- Matrix:
 -0.064 -0.998  0.000  0.954
  0.998 -0.064  0.000  1.339
  0.000  0.000  1.000  0.000
  0.000  0.000  0.000  1.000
At time 1729759870.534965531
- Translation: [2.488, 1.665, 0.000]
- Rotation: in Quaternion [0.000, 0.000, 0.334, 0.943]
- Rotation: in RPY (radian) [0.000, -0.000, 0.680]
- Rotation: in RPY (degree) [0.000, -0.000, 38.985]
- Matrix:
  0.777 -0.629  0.000  2.488
  0.629  0.777  0.000  1.665
  0.000  0.000  1.000  0.000
  0.000  0.000  0.000  1.000
At time 1729759871.527275418
- Translation: [1.817, 0.601, 0.000]
- Rotation: in Quaternion [0.000, 0.000, 0.755, 0.655]
- Rotation: in RPY (radian) [0.000, -0.000, 1.713]
- Rotation: in RPY (degree) [0.000, -0.000, 98.132]
- Matrix:
 -0.141 -0.990  0.000  1.817
  0.990 -0.141  0.000  0.601
  0.000  0.000  1.000  0.000
  0.000  0.000  0.000  1.000
At time 1729759872.532917803
- Translation: [1.415, 2.046, 0.000]
- Rotation: in Quaternion [0.000, 0.000, 0.623, 0.782]
- Rotation: in RPY (radian) [0.000, -0.000, 1.345]
- Rotation: in RPY (degree) [0.000, -0.000, 77.046]
- Matrix:
  0.224 -0.975  0.000  1.415
  0.975  0.224  0.000  2.046
  0.000  0.000  1.000  0.000
  0.000  0.000  0.000  1.000
At time 1729759873.526031439
- Translation: [3.238, 1.394, 0.000]
- Rotation: in Quaternion [0.000, 0.000, 0.201, 0.980]
- Rotation: in RPY (radian) [0.000, -0.000, 0.406]
- Rotation: in RPY (degree) [0.000, -0.000, 23.238]
- Matrix:
  0.919 -0.395  0.000  3.238
  0.395  0.919  0.000  1.394
  0.000  0.000  1.000  0.000
  0.000  0.000  0.000  1.000
At time 1729759874.533938488
- Translation: [2.190, 0.506, 0.000]
- Rotation: in Quaternion [0.000, 0.000, 0.674, 0.739]
- Rotation: in RPY (radian) [0.000, -0.000, 1.480]
- Rotation: in RPY (degree) [0.000, -0.000, 84.771]
- Matrix:
  0.091 -0.996  0.000  2.190
  0.996  0.091  0.000  0.506
  0.000  0.000  1.000  0.000
  0.000  0.000  0.000  1.000
At time 1729759875.526218119
- Translation: [1.823, 1.928, 0.000]
- Rotation: in Quaternion [0.000, 0.000, 0.572, 0.820]
- Rotation: in RPY (radian) [0.000, -0.000, 1.217]
- Rotation: in RPY (degree) [0.000, -0.000, 69.745]
- Matrix:
  0.346 -0.938  0.000  1.823
  0.938  0.346  0.000  1.928
  0.000  0.000  1.000  0.000
  0.000  0.000  0.000  1.000
At time 1729759877.272329711
- Translation: [2.436, 1.316, 0.000]
- Rotation: in Quaternion [0.000, 0.000, 0.580, 0.815]
- Rotation: in RPY (radian) [0.000, -0.000, 1.237]
- Rotation: in RPY (degree) [0.000, -0.000, 70.885]
- Matrix:
  0.327 -0.945  0.000  2.436
  0.945  0.327  0.000  1.316
  0.000  0.000  1.000  0.000
  0.000  0.000  0.000  1.000
At time 1729759877.528955975
- Translation: [2.252, 1.156, 0.000]
- Rotation: in Quaternion [0.000, 0.000, 0.630, 0.777]
- Rotation: in RPY (radian) [0.000, -0.000, 1.363]
- Rotation: in RPY (degree) [0.000, -0.000, 78.110]
- Matrix:
  0.206 -0.979  0.000  2.252
  0.979  0.206  0.000  1.156
  0.000  0.000  1.000  0.000
  0.000  0.000  0.000  1.000
At time 1729759878.522871845
- Translation: [2.585, 1.780, 0.000]
- Rotation: in Quaternion [0.000, 0.000, 0.423, 0.906]
- Rotation: in RPY (radian) [0.000, -0.000, 0.873]
- Rotation: in RPY (degree) [0.000, -0.000, 50.029]
- Matrix:
  0.642 -0.766  0.000  2.585
  0.766  0.642  0.000  1.780
  0.000  0.000  1.000  0.000
  0.000  0.000  0.000  1.000
At time 1729759879.527761379
- Translation: [3.577, 1.033, 0.000]
- Rotation: in Quaternion [0.000, 0.000, 0.139, 0.990]
- Rotation: in RPY (radian) [0.000, -0.000, 0.279]
- Rotation: in RPY (degree) [0.000, -0.000, 15.983]
- Matrix:
  0.961 -0.275  0.000  3.577
  0.275  0.961  0.000  1.033
  0.000  0.000  1.000  0.000
  0.000  0.000  0.000  1.000
At time 1729759880.535235831
- Translation: [3.368, -0.378, 0.000]
- Rotation: in Quaternion [0.000, 0.000, -0.205, 0.979]
- Rotation: in RPY (radian) [0.000, 0.000, -0.413]
- Rotation: in RPY (degree) [0.000, 0.000, -23.685]
- Matrix:
  0.916  0.402  0.000  3.368
 -0.402  0.916 -0.000 -0.378
 -0.000  0.000  1.000  0.000
  0.000  0.000  0.000  1.000
At time 1729759881.527486552
- Translation: [1.867, -0.316, 0.000]
- Rotation: in Quaternion [0.000, 0.000, -0.813, 0.583]
- Rotation: in RPY (radian) [0.000, 0.000, -1.898]
- Rotation: in RPY (degree) [0.000, 0.000, -108.732]
- Matrix:
 -0.321  0.947  0.000  1.867
 -0.947 -0.321 -0.000 -0.316
 -0.000  0.000  1.000  0.000
  0.000  0.000  0.000  1.000
At time 1729759882.535534242
- Translation: [0.797, -1.442, 0.000]
- Rotation: in Quaternion [0.000, 0.000, 0.903, -0.429]
- Rotation: in RPY (radian) [0.000, -0.000, -2.255]
- Rotation: in RPY (degree) [0.000, -0.000, -129.204]
- Matrix:
 -0.632  0.775  0.000  0.797
 -0.775 -0.632  0.000 -1.442
  0.000  0.000  1.000  0.000
  0.000  0.000  0.000  1.000
At time 1729759883.528075728
- Translation: [1.443, -2.281, 0.000]
- Rotation: in Quaternion [0.000, 0.000, -0.614, 0.789]
- Rotation: in RPY (radian) [0.000, 0.000, -1.323]
- Rotation: in RPY (degree) [0.000, 0.000, -75.782]
- Matrix:
  0.246  0.969  0.000  1.443
 -0.969  0.246 -0.000 -2.281
 -0.000  0.000  1.000  0.000
  0.000  0.000  0.000  1.000
At time 1729759884.519831639
- Translation: [3.406, -1.348, 0.000]
- Rotation: in Quaternion [0.000, 0.000, -0.173, 0.985]
- Rotation: in RPY (radian) [0.000, 0.000, -0.348]
- Rotation: in RPY (degree) [0.000, 0.000, -19.946]
- Matrix:
  0.940  0.341  0.000  3.406
 -0.341  0.940 -0.000 -1.348
 -0.000  0.000  1.000  0.000
  0.000  0.000  0.000  1.000
At time 1729759885.515391556
- Translation: [2.531, -0.285, 0.000]
- Rotation: in Quaternion [0.000, 0.000, 0.013, 1.000]
- Rotation: in RPY (radian) [0.000, -0.000, 0.026]
- Rotation: in RPY (degree) [0.000, -0.000, 1.467]
- Matrix:
  1.000 -0.026  0.000  2.531
  0.026  1.000  0.000 -0.285
  0.000  0.000  1.000  0.000
  0.000  0.000  0.000  1.000
